# captionId person act cellRow charCount inkRight  (person 0=ME 1=YOU 2=THEM 3=US; act 1-5, 0=solo)
0 0 2 0 68 0.9346
0 0 2 1 31 0.4199
1 0 2 2 68 0.8691
1 0 2 3 34 0.4775
2 0 3 4 77 0.9775
2 0 3 5 70 0.9463
2 0 3 6 6 0.1035
3 0 3 7 70 0.9551
3 0 3 8 48 0.6719
4 0 3 9 70 0.9424
4 0 3 10 14 0.1982
5 1 4 11 50 0.6602
6 1 4 12 71 0.9209
6 1 4 13 11 0.1699
7 2 3 14 73 0.9629
7 2 3 15 66 0.9111
7 2 3 16 69 0.9424
8 2 3 17 72 0.9775
8 2 3 18 71 0.9717
8 2 3 19 10 0.1484
9 3 5 20 71 0.9541
9 3 5 21 66 0.8672
10 3 5 22 68 0.9531
10 3 5 23 13 0.1904
11 3 5 24 57 0.7461
12 0 0 25 74 0.9502
12 0 0 26 57 0.8135
12 0 0 27 12 0.1855
