# dream_id node x y z col row op  (op 0=melt 1=outpaint 2=shadow; CELL=384 COLS=6)
aic_100016_melt 50661 5.74856 1.40981 -1.90657 0 0 0
aic_100016_outpaint 50662 5.71174 1.43520 -1.95639 1 0 1
aic_100016_shadow 50663 4.82083 -1.40071 2.34639 2 0 2
aic_10022_melt 50664 5.37787 0.25713 -1.39658 3 0 0
aic_10022_outpaint 50665 5.35959 0.27042 -1.40390 4 0 1
aic_10022_shadow 50666 5.40093 0.28681 -1.42205 5 0 2
aic_100346_melt 50667 4.41297 -1.90441 1.37939 0 1 0
aic_100346_outpaint 50668 4.40965 -1.84476 1.40833 1 1 1
aic_100346_shadow 50669 4.54890 -1.61092 2.01508 2 1 2
aic_101031_melt 50670 6.00863 0.58368 -1.34420 3 1 0
aic_101031_outpaint 50671 6.00818 0.57670 -1.32248 4 1 1
aic_101031_shadow 50672 6.05870 0.59643 -1.32303 5 1 2
aic_101454_melt 50673 5.94294 0.55670 -1.29522 0 2 0
aic_101454_outpaint 50674 5.92743 0.58027 -1.30573 1 2 1
aic_101454_shadow 50675 5.94058 0.56429 -1.30769 2 2 2
aic_102078_melt 50676 4.61604 1.25782 -2.69981 3 2 0
aic_102078_outpaint 50677 4.59914 1.26115 -2.71594 4 2 1
aic_102078_shadow 50678 4.61653 1.26519 -2.67473 5 2 2
aic_102079_melt 50679 4.62944 1.25181 -2.71148 0 3 0
aic_102079_outpaint 50680 4.63305 1.25354 -2.69667 1 3 1
aic_102079_shadow 50681 4.62003 1.25990 -2.69365 2 3 2
aic_102080_melt 50682 4.62158 1.26937 -2.68605 3 3 0
aic_102080_outpaint 50683 4.60192 1.23546 -2.69400 4 3 1
aic_102080_shadow 50684 4.60331 1.25985 -2.60467 5 3 2
aic_102086_melt 50685 5.27848 0.42708 -1.61922 0 4 0
aic_102086_outpaint 50686 5.26755 0.45430 -1.64417 1 4 1
aic_102086_shadow 50687 5.28677 0.47090 -1.64476 2 4 2
aic_102089_melt 50688 4.33467 -1.76309 2.33369 3 4 0
aic_102089_outpaint 50689 4.28601 -1.78754 2.25313 4 4 1
aic_102089_shadow 50690 4.34581 -1.79363 2.31569 5 4 2
aic_102131_melt 50691 4.45120 -1.37498 2.13928 0 5 0
aic_102131_outpaint 50692 4.44662 -1.38279 2.12946 1 5 1
aic_102131_shadow 50693 4.74191 -1.31618 2.33248 2 5 2
aic_10238_melt 50694 4.66077 -1.25452 2.29659 3 5 0
aic_10238_outpaint 50695 4.56766 -1.30296 2.23012 4 5 1
aic_10238_shadow 50696 4.82724 -1.40062 2.42651 5 5 2
