# node startCell numFrames  (CELL=160 COLS=46; frames in formation order)
50661 0 11
50662 11 11
50663 22 11
50664 33 11
50665 44 11
50666 55 11
50667 66 11
50668 77 11
50669 88 11
50670 99 11
50671 110 11
50672 121 11
50673 132 11
50674 143 11
50675 154 11
50676 165 11
50677 176 11
50678 187 11
50679 198 11
50680 209 11
50681 220 11
50682 231 11
50683 242 11
50684 253 11
50685 264 11
50686 275 11
50687 286 11
50688 297 11
50689 308 11
50690 319 11
50691 330 11
50692 341 11
50693 352 11
50694 363 11
50695 374 11
50696 385 11
60000 396 11
60001 407 11
60002 418 11
60003 429 11
60004 440 11
60005 451 11
60006 462 11
60007 473 11
60008 484 11
60009 495 11
60010 506 11
60011 517 11
60012 528 11
60013 539 11
60014 550 11
60015 561 11
60016 572 11
60017 583 11
60018 594 11
60019 605 11
60020 616 11
60021 627 11
60022 638 11
60023 649 11
60024 660 11
60025 671 11
60026 682 11
60027 693 11
60028 704 11
60029 715 11
60030 726 11
60031 737 11
60032 748 11
60033 759 11
60034 770 11
60035 781 11
60036 792 11
60037 803 11
60038 814 11
60039 825 11
60040 836 11
60041 847 11
60042 858 11
60043 869 11
60044 880 11
60045 891 11
60046 902 11
60047 913 11
60048 924 11
60049 935 11
60050 946 11
60051 957 11
60052 968 11
60053 979 11
60054 990 11
60055 1001 11
60056 1012 11
60057 1023 11
60058 1034 11
60059 1045 11
60060 1056 11
60061 1067 11
60062 1078 11
60063 1089 11
60064 1100 11
60065 1111 11
60066 1122 11
60067 1133 11
60068 1144 11
60069 1155 11
60070 1166 11
60071 1177 11
60072 1188 11
60073 1199 11
60074 1210 11
60075 1221 11
60076 1232 11
60077 1243 11
60078 1254 11
60079 1265 11
60080 1276 11
60081 1287 11
60082 1298 11
60083 1309 11
60084 1320 11
60085 1331 11
60086 1342 11
60087 1353 11
60088 1364 11
60089 1375 11
60090 1386 11
60091 1397 11
60092 1408 11
60093 1419 11
60094 1430 11
60095 1441 11
60096 1452 11
60097 1463 11
60098 1474 11
60099 1485 11
60100 1496 11
60101 1507 11
60102 1518 11
60103 1529 11
60104 1540 11
60105 1551 11
60106 1562 11
60107 1573 11
60108 1584 11
60109 1595 11
60110 1606 11
60111 1617 11
60112 1628 11
60113 1639 11
60114 1650 11
60115 1661 11
60116 1672 11
60117 1683 11
60118 1694 11
60119 1705 11
60120 1716 11
60121 1727 11
60122 1738 11
60123 1749 11
60124 1760 11
60125 1771 11
60126 1782 11
60127 1793 11
60128 1804 11
60129 1815 11
60130 1826 11
60131 1837 11
60132 1848 11
60133 1859 11
60134 1870 11
60135 1881 11
60136 1892 11
60137 1903 11
60138 1914 11
60139 1925 11
60140 1936 11
60141 1947 11
60142 1958 11
60143 1969 11
60144 1980 11
60145 1991 11
60146 2002 11
60147 2013 11
60148 2024 11
60149 2035 11
60150 2046 11
60151 2057 11
60152 2068 11
60153 2079 11
60154 2090 11
60155 2101 11
